[redshift]
temp-day=6500 # 6500 = neutral
temp-night=2900
brightness-night=0.85
location-provider=manual
dawn-time=6:00-7:00
dusk-time=20:00-23:30
fade=1

[manual]
lat=35.287006
lon=-120.667274
