[redshift]
temp-day=6500 # 6500 = neutral
temp-night=3400
gamma-night=0.93
location-provider=manual
dawn-time=6:00-7:00
dusk-time=20:00-22:30
fade=1

[manual]
lat=35.287006
lon=-120.667274
